0.5128555006479971,0.3016436481212885,0.36634243505391
0.9959441540620697,0.6711932887095192,0.9532838694624651
0.8443861972110754,0.5550722007121972,0.3840751429617481
0.9207708978263567,0.05596880117672036,0.2130574221821728
0.6695072535516298,0.2787833551583639,0.8868956295722789
0.1368929376098252,0.4354889033288409,0.786503552715129
0.3423296027484229,0.3331731645031366,0.02513866046820095
0.6869681275004762,0.6397748978068768,0.3444118742111227
0.4734554115000335,0.7729980653049581,0.7350882258614175
0.07880834309192335,0.7985468404267052,0.627117532954892
0.3772210852969458,0.4525047203359556,0.06937390630373756
0.2807767559124153,0.02432680476252807,0.6163586660066079
0.9587235391265105,0.4911033712176873,0.5764963700700468
0.7036311253834514,0.9170738150697938,0.7388539267284533
0.6667688638399827,0.552816093857867,0.6220674540538024
0.8554677311510622,0.7008745387800022,0.843625021053636
0.3970022046087737,0.6523773506541652,0.05697908309588921
0.5161892056771675,0.2285239908376138,0.796507466547195
0.7987164088677243,0.874171995662826,0.7836368511422206
0.9080154021701987,0.9870643838557779,0.1500751897494274
0.6562548624439385,0.730754494071606,0.6695341820181268
0.4859869113023905,0.8274912905121545,0.2176468366748575
0.8096170109005698,0.9570372842754323,0.6440789497602497
0.8849988412878818,0.9590792946594578,0.2818825913284618
0.6660948096597111,0.4593109007722332,0.02184133391199499
0.398039976274805,0.4901550315669933,0.7320897524275585
0.3276648334961943,0.3307182592683972,0.73018329705444
0.6692904621742444,0.07266639657468736,0.9600569644187134
0.01999338890959028,0.2976274706770559,0.7182937825742776
0.3434768820516104,0.8537443422784626,0.1154669302924573
0.8918715152359508,0.04697112125866613,0.5178670774161834
0.3892665480088238,0.5319163261170243,0.5522640324115023
0.3245727403686343,0.6689677849004255,0.9783165374691022
0.8210134753073156,0.2529710087570841,0.2471825608091974
0.04442633293014113,0.9696049654317799,0.05818402289359652
0.6463247422614748,0.1881480152619285,0.9799401083581284
0.258710634911393,0.2501615442737764,0.9615340924008978
0.1312689285203523,0.4844022863765425,0.002909829035103661
0.5107952194968508,0.3517617538630071,0.7620945913861774
0.9321735179752049,0.9371812140040404,0.7316458465746151
0.6178688118368114,0.8378161977581069,0.515881251677879
0.721909636868552,0.8662152112166277,0.02670458817506942
0.02192690953556258,0.1938859130628637,0.4068902394054958
0.01849358791573967,0.3777056171345234,0.444012277456565
0.6659123247561037,0.1567122440023329,0.4534012432136806
0.9579085762696987,0.8639982167242362,0.9570077832339635
0.03229983180546718,0.3624810989776421,0.9434017482140861
0.1218706015689234,0.6972219280709239,0.3140598862629259
0.08352310047754723,0.7229999074289377,0.6576661818689225
0.3576024291524718,0.8905049849988735,0.376153367710054
0.2096820740241167,0.4272693959889234,0.464295449070964
0.9778109306800536,0.2407851610518907,0.7952611194837768
0.415764768335929,0.9559551697258712,0.6185833668319781
0.4675085495645366,0.7718479849442915,0.6180691413458925
0.2134826808895933,0.4053333053637241,0.8650494457813677
0.9300694096062528,0.2666251028657219,0.2833281710760581
0.6112460214110375,0.4681981855411761,0.5201321981507103
0.6546173171371499,0.6235187361912814,0.1577396109893979
0.4672140999037346,0.08356125562334497,0.8724038627170444
0.03591291379841781,0.4160240463121395,0.6063382736389044
0.3440873998423081,0.6117261811790415,0.2357563657109348
0.08242583889238468,0.3933991305826144,0.2991106328252549
0.4476070339941218,0.3737546539825004,0.4430983197566554
0.01965086076173188,0.1122571588067749,0.7589189546639303
0.6536101760168371,0.7398701805112657,0.7921632984598669
0.8647976030175037,0.9505597398977593,0.02601675762723981
0.7018113467331604,0.8391863181037897,0.5077739227392829
0.9650564710596561,0.8973227537870285,0.6869153941622093
0.2195354389224974,0.1725706314204605,0.2038642611589137
0.8495698895022002,0.03238659204036813,0.0466995181224235
0.94920423551204,0.4602177078349516,0.4289989856374489
0.2838438347723467,0.09354942806872683,0.3411996216345526
0.8878017448087336,0.2166449531748232,0.09379064054809987
0.2073743074539025,0.6704632558544816,0.8990920087789783
0.5150382215527627,0.9011537976579844,0.889909041830812
0.4380855241420298,0.724686617186009,0.2193660334581933
0.3200392839485749,0.7492570648018804,0.5421810849592402
0.333725604443062,0.9532152489412414,0.8551321954465892
0.2072575885880932,0.006137596647429011,0.2810168023155539
0.2186965692132847,0.9671638511923625,0.0838654263611958
0.7970056420666093,0.5422550639489913,0.5139601077606974
0.6718027623834169,0.5750709899903985,0.4224211720099655
0.5650103495159878,0.217123036024695,0.4023471178577916
0.7915979017852528,0.2628972755112789,0.9473307884640906
0.04976315063362084,0.4047302346328801,0.4190191707600535
0.2971298022849677,0.3880309714667483,0.3508098912058845
0.3646416118405872,0.366932562334724,0.55472845619859
0.2249020098132592,0.7913009664624391,0.9657952216513421
0.7562231055165985,0.1638783361474989,0.2942957727263933
0.1533879317628855,0.9425509404337922,0.9863183078591664
0.8568134811418596,0.521613108494519,0.06678760741166527
0.9601569001231486,0.015185266562658,0.419464893493849
0.4129574210471045,0.1246438949118579,0.5287879806332901
0.300998070102498,0.6825129846111024,0.762556662182741
0.415199454227572,0.01705892623069654,0.8742506661332279
0.1373351305827453,0.4786752454781594,0.1354804119032464
0.7702935447120615,0.4534439645837098,0.04631889087649492
0.49146349042238,0.3183426759697557,0.888425181102808
0.7960024804942151,0.733283472834657,0.8964677302333561
0.814763777780561,0.5141836606979691,0.5010156035555332
0.1702535276909141,0.08609665168902007,0.9916657946372361
0.4276232064829122,0.2446336648110334,0.346941385193781
0.1586213698125182,0.7574111836744886,0.5640396157154787
0.712710034435774,0.2145447894595485,0.514853595347294
0.9800003245558324,0.2772646270630709,0.03237852446975957
0.7958025852648263,0.03820372671221477,0.2760433676216736
0.3367979587354884,0.8380546882617051,0.3411363790693384
0.4746918343528886,0.9102570696192112,0.3412724391978864
0.5125375186963304,0.6178592048676383,0.7127421788155703
0.05306665858054342,0.6847260762339519,0.7757713557622579
0.8813019965250382,0.6355892696220303,0.08864238297277986
0.0381213115354813,0.61103801436996,0.6313499590049781
0.08663885000077325,0.1963932589653356,0.9109164015745933
0.8980673977073563,0.2762288103610702,0.5779174506210328
0.3130596441157962,0.7572869660689487,0.292674148245987
0.6951221696430168,0.6312892607702988,0.4277074376127023
0.8360803869575408,0.4406109259035497,0.3995481823154144
0.4300590382180401,0.2865952279298691,0.1052903575031096
0.830712738592613,0.8329620863663901,0.09910046404313237
0.2332877753940325,0.5292572621461396,0.7742852812238709
0.3578919989604866,0.811454733668866,0.03418389917236923
0.1375738302232581,0.4166160317955308,0.2226792700470595
0.9990979473132739,0.3119326626374627,0.202950074555959
0.7370132568188844,0.6692454464033305,0.546820074325251
0.6193168179487161,0.9965395642355315,0.5612851058496876
0.1593999040448563,0.4255467129511597,0.792787760535509
0.03055216698900891,0.5304649807512102,0.3867057208122892
0.4261476757090826,0.765720321444755,0.7434529777167752
0.8153686643567298,0.5824374386765832,0.6521662191389884
0.01069509378497873,0.9779429829628357,0.1010173520045523
0.2848070799740781,0.4460187737500551,0.403647336028867
0.8531248748369884,0.3745332609158381,0.8202132379998688
0.481501513118659,0.5825836989733969,0.8730131326077198
0.4855573307655783,0.5211322872109762,0.9532149950053228
0.2565991563473438,0.43766568502437,0.4437105925622193
0.7291710308229225,0.5195370086490841,0.8535762352370667
0.6992827669178487,0.4441861083959268,0.1259264233438809
0.4074488357898838,0.5857655295847447,0.9614327570823289
0.0594299779099751,0.02876652850103449,0.2561311553494892
0.5366802606414951,0.6729100249779441,0.7327620959751729
0.6902304006624671,0.2233044422718358,0.9276087222336999
0.5270836219152021,0.09180404303146454,0.1575599966947597
0.4347803624598637,0.4188741906069118,0.8104032430777008
0.1645455175222489,0.2102289884617016,0.7320268944287148
0.9772977633340569,0.08142163774332571,0.01628612918370758
0.9956140682302786,0.7170121163293811,0.2309982635669959
0.7821457636194645,0.6101179868228559,0.8739097899522471
0.09000091719898877,0.06430159295000164,0.6707656271318729
0.179569613656292,0.8319509268507053,0.3128774871229662
0.1636756328253345,0.7652916416356722,0.9003522824052351
0.3551793255634106,0.5927117828154522,0.1102101656054893
0.5244510731198654,0.5246657708348684,0.513997354520806
0.7563113165017329,0.912205031712093,0.6300144291644049
0.5716610444974153,0.009826382100663712,0.2755277020231755
0.4224941479195437,0.8227662215812057,0.938524429672942
0.1983886125402471,0.4272387382459593,0.3353325841788694
0.4457897646997631,0.956319727942566,0.6463517804600478
0.1166413618404207,0.7157881090335314,0.9523082795840312
0.3358906210128751,0.7333226691642359,0.3555090919389666
0.8211797260494594,0.6259353457713279,0.5833472922219769
0.3101961959281265,0.8852607411056708,0.6258388760252315
0.1214152632248404,0.203916759507585,0.03833147303253386
0.9376937309626984,0.3919375684805362,0.5083530460118678
0.8380011319899348,0.4267893223518051,0.1832697534470942
0.2806881183475993,0.956332800389064,0.8468680904294279
0.9240506668750949,0.7961930752125075,0.433364626086906
0.1951564637709101,0.9005491298624965,0.3391257933064544
0.3868402670926922,0.1023314981853061,0.2032469202456466
0.4683640672326281,0.1004595639539034,0.7930884225919833
0.1490648417477796,0.1869114466077262,0.7982127917301841
0.9398955290934387,0.7798139044439607,0.1528067758586103
0.6925561991977235,0.6486634423437312,0.3881795471364911
0.3950885187301005,0.6524124426786333,0.2892280431559991
0.08020483883358569,0.1272563680426183,0.5388389143040547
0.5651367917964442,0.4754078050183738,0.9390156703464856
0.5543910576183925,0.3784347586878136,0.1553653169382264
0.940762165132805,0.9166689210362226,0.4491551432926276
0.8105996169407371,0.9914002779754554,0.8406857833894994
0.8176125256036593,0.6821822526932767,0.5163902130379828
0.9134622350718531,0.7208265400621067,0.4605812103765513
0.2616834582547342,0.2402318359163636,0.5805779981642255
0.3066765636619243,0.9390082288016262,0.4535649097747794
0.6514507828127123,0.8139039898432779,0.08976102372708432
0.6838459855423293,0.3161749528701649,0.2577988878920054
0.2657676414849575,0.1294319867544702,0.6233367013206295
0.4917968669677604,0.7406470226026463,0.5840213544859924
0.944686905509704,0.1557989654673907,0.1615680791596194
0.1047164985604541,0.09268880821848528,0.03519123011171425
0.3550273692173432,0.9595327466235547,0.6526901362633205
0.7143818264816554,0.6120855230534217,0.4336669972715887
0.9275257491831611,0.1574056353763952,0.006821357042720288
0.577726913327708,0.6768461073879155,0.7825216225063801
0.7476322106474285,0.2813427399673491,0.327222033424497
0.5216461542286315,0.6132540755424001,0.2641086491095755
0.6762581078837719,0.1754804618229612,0.1724923809907428
0.04378054122867063,0.840217406075293,0.4790954783000191
0.7775861636292927,0.0442837690305246,0.3422921073129084
0.6246601012460794,0.66914917232604,0.2083615088615062
0.2727254644313741,0.7617602801717228,0.3156788200653971
0.3375709180099094,0.2228132619585076,0.289679571107207
0.8679291680951325,0.1532262408364009,0.58921360820923
0.7150022093811437,0.7791812625073675,0.7877812190306619
0.256715912281646,0.02802201045040247,0.8120367562363054
0.2998704949395416,0.867513410292142,0.06577161096836952
0.2628937805540363,0.08318989997001851,0.8803352753525571
0.8180358680733658,0.4667929610927961,0.1915666525791163
0.1040423389342779,0.6906186409115687,0.9082963042425743
0.7429526471859331,0.2176516739790749,0.03594172452421555
0.6371632202004711,0.2231201381036795,0.2313765775229203
0.3751753725568815,0.2250849528413927,0.5365922515540271
0.9936521001129363,0.9625839260435456,0.7646673843423459
0.4250308850916676,0.3214776790806214,0.8058806470655809
0.3647755508832384,0.440120647165862,0.3104408339733931
0.7653571889826559,0.211513959077694,0.3940110897344515
0.05047769253532934,0.3233636319105899,0.7350768565714377
0.7985981331710437,0.6721456612488135,0.4547064136196127
0.6231880072407057,0.1383770469988972,0.5129761683907923
0.2106676627316901,0.7727545540212371,0.9791800655831706
0.6567108578395048,0.1476964217056656,0.8618241794483057
0.3807660120793504,0.6855323163009505,0.1183947471076646
0.2957807731710041,0.1389040880951154,0.2468766009043129
0.2193034919090723,0.6570078759877463,0.9535339891848447
0.3936288550642542,0.9295996728715993,0.06144744690999364
0.3738958237886492,0.653390167782296,0.239790847206334
0.04444710545702617,0.1772575249126262,0.7744779910869022
0.8406826317885296,0.5775831246948644,0.5441596167029161
0.439954888024811,0.7971549173357981,0.9948554791905263
0.003982902349698158,0.9277733685124293,0.3054621967332092
0.3933431007574804,0.8125362106799204,0.6458773129488231
0.37144009001603,0.2869749300196726,0.6519599257280149
0.0666927342451115,0.4632900682190119,0.0344026682194342
0.8043897783574104,0.9769701034328599,0.3287712215915577
0.2774724275979965,0.1555622329434249,0.2474163093718334
0.1358330964892367,0.5530705845454461,0.9357291242048444
0.4690893860999288,0.9662931432149923,0.1934208177952955
0.4576216974791446,0.8639248456966704,0.1545393014566716
0.005201368149879859,0.7396799495552802,0.25518226763033
0.0607070722937804,0.2708762227606316,0.04572377314558644
0.05207145232947523,0.940018805659194,0.8963167112172876
0.6212835544544698,0.3276076918153826,0.132773488216143
0.4209697620697214,0.358680724095974,0.1301305167731368
0.6634575989199816,0.8008768191513734,0.1639694006756152
0.3975043738147927,0.6644317778190723,0.8640237768631355
0.4078163524960509,0.9300320596828608,0.7269275559914145
0.0403190368750818,0.9693017040568241,0.7158800051915174
0.2020069259609957,0.8787046838943947,0.5022249313439298
0.6228264531565937,0.7563766805314951,0.6377215619548948
0.008793965630187462,0.1711274620596328,0.9840365635744257
0.03529627771358017,0.001310084484021079,0.8464803236068423
0.6034511224476808,0.2408935158604713,0.3741048283847421
0.6115370946656373,0.8488410837085762,0.1601711350928987
0.4510788574424907,0.04573525490774526,0.3589386977584567
0.7054210537120704,0.3553623020848125,0.1272649723034507
0.4771562840961808,0.3215162251283692,0.3418382518048745
0.3423807015588309,0.1355566826425174,0.2043986402484653
0.3265510186792838,0.7305691742937038,0.0002271164564713768
0.2892701938899531,0.6781164166888126,0.1284868110561259
0.7396698643963076,0.5436268890792186,0.6099276955778835
0.1415309561410397,0.6119408733925388,0.2902467640320383
0.002902482698272246,0.03536816496325994,0.925888728386921
0.5649516168122922,0.2511952968500139,0.6974092880085341
0.4150061342591798,0.5308293800839078,0.8811261183302634
0.6361801694658002,0.4146915154832365,0.8967331167579266
0.4847195657001585,0.711441845053456,0.2218860537971892
0.3449146417971362,0.4537501301815015,0.7202780199710084
0.2627614790008293,0.8948685230626057,0.3273096529941662
0.5998976912696112,0.1292482147788863,0.8019716614163416
0.7555452913258704,0.005512283674408302,0.2668553714435118
0.05034371626775196,0.02158212222470151,0.7876168109819016
0.2892739268154543,0.2428370831162952,0.2371647023081105
0.5949290843239143,0.4548026300270901,0.02689741568321817
0.7709202614812296,0.3404979780829718,0.09368118074269342
0.9258441310049211,0.1466708974232983,0.722826347877038
0.2065636519668851,0.3308243073022121,0.815673544023418
0.8421733008929526,0.9538273624991999,0.6937663954414544
0.52242231568455,0.4136153812063786,0.4403843582105286
0.8385944327989904,0.2732611960441944,0.09809685388272331
0.5629987316772517,0.7770044004044294,0.1922637412131538
0.8594308890943301,0.1411152340137832,0.1494964447679292
0.4778117121023611,0.4719522946070558,0.02515974270900527
0.6360828249006948,0.3982999084680406,0.5158144230280592
0.3968113799709512,0.5972309113085924,0.2376559026158651
0.4989876860303132,0.9146686635704366,0.5031755031449457
0.248194284539431,0.5434709269189245,0.5703704895266071
0.8314975873738882,0.05624821638154535,0.5114744018826758
0.4243716483051809,0.4776354022323284,0.9625179359863785
0.007978271632348145,0.8325990748797285,0.4509858170058625
0.796255368379713,0.180784928511617,0.9086797222818617
0.3926582288591193,0.1165940622530599,0.9234495436912133
0.3604105396158803,0.9646672095598027,0.587603813245647
0.5689616323886252,0.8993669551016379,0.4784388595021618
0.08965008209492158,0.4521164827023271,0.8952118410474463
0.09219533435450349,0.4299019685486369,0.130270309899067
0.02079857608152129,0.6763641905481661,0.6387247393676231
0.02540906122644697,0.5479060365813581,0.5096324704133499
0.5971137684335788,0.8106338857344606,0.1609744707623453
0.5921684266101789,0.2184793011550982,0.2477645671484182
0.7939736022573718,0.2392849478875134,0.08783797065687675
0.5304818004331163,0.7531644233505627,0.9856459217777441
0.8047623260299233,0.1375758233494412,0.4038680335175229
0.6377478217968708,0.8500513677486332,0.2681725358869966
0.5522648459897693,0.4351509487139059,0.8488599064333957
0.9688902542487916,0.2808199819684672,0.04752802249151515
0.3578605844715099,0.4885526519602729,0.6553963040822499
0.3457335517210225,0.4923924837865937,0.9620024952032794
0.4416706763607983,0.4480423713587912,0.2149023798495012
0.7891143108996248,0.04395862601203297,0.3714619601399018
0.8426611345011179,0.6101054580459682,0.01730971812985853
0.6346015371852399,0.1580230179279917,0.5731639229088379
0.08767908246587157,0.5259136211659643,0.4776971294791006
0.001720818721311845,0.03711368575049438,0.1840890494568088
0.8148062000657351,0.3420346107994367,0.5275731684617241
0.3989383724825288,0.6545227774175839,0.7420905915775339
0.08783975417223193,0.342637335207059,0.2716992524528596
0.8793320126642891,0.8527142603602169,0.3471377999439738
0.5618478805977246,0.9064432378748726,0.4046897076352929
0.9270500703568157,0.4258259080748186,0.565165413863857
0.5488798879296772,0.4661080924789813,0.8233237848314016
0.5412319523982281,0.8741396478462833,0.2585151180326331
0.03994578341518289,0.3380544960385924,0.1403090389532529
0.8851139718147023,0.6089448981760491,0.6222717609516601
0.08399569909997033,0.3451651629326981,0.8529615650192017
0.08864985415580966,0.1348332867172021,0.7086198613422413
0.1722252847899093,0.03374803380841422,0.6713994352679249
0.1281400343088699,0.292982951985489,0.5775386818654783
0.48986206625009,0.5310075906929512,0.9508554238839904
0.865895954002505,0.1021864293501431,0.1903185777973845
0.9934611974147399,0.4754650038614667,0.631574858325346
0.8461553584830537,0.6780643486589703,0.4701858495284353
0.1355060154524564,0.8372750548884306,0.4461347506714451
0.1376959718348248,0.07323621805795504,0.127652504482854
0.9059350161242488,0.3831455718656792,0.9315428902104209
0.4259059470545136,0.8842710059077528,0.545117366786717
0.05388799231104206,0.02074714377568403,0.3996362030938272
0.1796466199804225,0.4353437072997082,0.4161338346477535
0.2386554447947077,0.8352815555031279,0.4774529123911792
0.5640469742101036,0.3387966037914429,0.2502476902964675
0.8129550109356776,0.2515867541483653,0.9119048053170793
0.2646621701687016,0.6152398951021635,0.5138558543879754
0.612397140595384,0.6714547952896741,0.9142996575683466
0.3483393230043091,0.6942823391085241,0.2757021816951902
0.5289401151737653,0.4274318257860116,0.6525755294960045
0.6835866909239059,0.6995151196996934,0.142596701123552
0.05825310532512366,0.5410215433616932,0.8367866136332703
0.7541907379756269,0.8065390226195928,0.5371705510386919
0.1263255193758221,0.6140229678623746,0.70657006782722
0.4801250679775862,0.483513946023271,0.7422905558527828
0.04298972969278973,0.9320711557733883,0.743575622618356
0.1491815735726649,0.3149395442369587,0.5097901172952434
0.8216367334072029,0.03563717856170405,0.9374200445008165
0.7220314661041737,0.5778277208144488,0.8924522747687257
0.4413280386487061,0.525403155966204,0.05298785139354716
0.768050988337303,0.5217956708531919,0.5287867312398392
0.1533316694265501,0.3497660547324483,0.01801597410454774
0.5029517640149364,0.8896190020093376,0.08115378173452052
0.8765028274617088,0.7130701370770863,0.5877949097653978
0.7811629124228289,0.7665342253839909,0.6085469773310687
0.8636601559704027,0.05262876418477651,0.7260284425074809
0.9244556561506173,0.3231659986278851,0.9546858231844835
0.9153681647708722,0.6055592807896576,0.2739000634366541
0.02488729708682651,0.8896341799371507,0.3114903003631556
0.2422294307825453,0.7154117445213145,0.9678654291200169
0.5038359250109612,0.1213369211640932,0.7294776090953025
0.5773537885013369,0.9297315936577856,0.5883267544848106
0.7542383094279974,0.7432434062583171,0.4388881740928485
0.1848228765843401,0.1022338612779857,0.5369194147368043
0.459638561045296,0.3672361105748859,0.8497785741246571
0.3460311874754929,0.4885397150664753,0.595822595448403
0.4011938799498982,0.8629589493920666,0.7730519792723596
0.3676912702802891,0.3326258293796846,0.6466883346606499
0.2268047380933729,0.7245048338561206,0.7392333064621529
0.9787884624313801,0.8394949513585449,0.7352668702891242
0.2224132359584284,0.1190237256348936,0.1352596031069144
0.01648024537905628,0.8206310950413515,0.03025925118753541
0.6068375201917323,0.4725328452736107,0.2427315512740721
0.4301458442265569,0.5754300147516646,0.3689317266888812
0.6689609737852239,0.9777126288048545,0.06668199853565697
0.7625353869341618,0.4444470634582815,0.1630529114171717
0.8664944355662304,0.207791956840469,0.2318501467486467
0.811445157599135,0.01541470024265694,0.3064216263796537
0.3175142747548425,0.09297603792939417,0.3145659309956397
0.311250485767919,0.4506030225147981,0.7518565260499498
0.4878759020137145,0.4668498492142928,0.2831727408897041
0.5947511718927099,0.3859282664976861,0.6877328099287268
0.9104898096534547,0.1914596861806022,0.2652322568395301
0.7953567095950766,0.7184398682441239,0.9184337013079261
0.4308728244687912,0.6170655735068922,0.891199407655632
0.3278887711037093,0.4169879431067716,0.1152903418504961
0.02180560505584055,0.8503121853608316,0.7021536231667814
0.2834707824596941,0.147205747730469,0.07044043997658304
0.3024654497667587,0.744440962158083,0.3648901598374706
0.3441485527325999,0.8429211075252292,0.1339202829467881
0.1274847684274317,0.3598187085970977,0.8228227056409629
0.04450447070213052,0.905622650814059,0.751185895360203
0.05219653411299056,0.7366418358840646,0.9462016571691702
0.6484510334842138,0.6742492025191733,0.6003529444760689
0.4620521807092489,0.4127260837428443,0.6872478555461788
0.9540952830321394,0.6034046554305407,0.9063415558764911
0.2779905292352068,0.486342082303245,0.1807080101645721
0.4057951663262193,0.2144515495880278,0.6609857544087639
0.4776086685472974,0.2398794398326984,0.9486572338033328
0.4693347577190528,0.1267487731877289,0.9516874081902434
0.8559937603989196,0.1951464787106238,0.7425281558067139
0.6102725447312995,0.7113042046887016,0.01230916883821747
0.4781345435211186,0.00624443903921994,0.2464232317236431
0.3014339618637922,0.07854839657694572,0.984416462342249
0.7712019101206007,0.1676446898682416,0.8480390091362743
0.3457276856475838,0.04585578020303553,0.02723760932994184
0.9463782610414283,0.1816232810220293,0.1614118020106453
0.93198773216474,0.1423790044163952,9.880257329912823e-05
0.9640353007462888,0.5491920792856905,0.3350142067928009
0.3557543454741692,0.03188488335340693,0.9825548976824304
0.9741093688856913,0.3082587655573066,0.4749794974623581
0.5252768021591432,0.7332881465649156,0.5043795870876989
0.1242935028837619,0.537233803326069,0.2922339121193108
0.7730817700600013,0.9307188186208142,0.9257554174656144
0.272440423422211,0.4188127785049352,0.01355185191738233
0.9014156339811153,0.8194904221230203,0.9803372205596782
0.2755771078831762,0.936102369293272,0.2680143894744764
0.7348464744901925,0.7516178830772987,0.195721133286971
0.6220305353679358,0.1087729823231978,0.1043762716828897
0.2898582493005247,0.9363237026469958,0.5682244881774957
0.8689557607894285,0.4159893639159373,0.3764763731066318
0.2256351016424529,0.1589781344365728,0.9997488656390593
0.9727977734349257,0.7251091873791136,0.3803281555140463
0.1597063236479092,0.5101736006197042,0.1422852614287518
0.8389757723787676,0.4010302999731516,0.6733074223784059
0.1482640059095133,0.366470214101628,0.5609169460643764
0.91482881501448,0.9519315697904785,0.7550950228571923
0.05959766328044773,0.8713668996787181,0.2236808386974807
0.3820747671524409,0.9287471781076716,0.332261976693117
0.1272586620253713,0.2777997328950169,0.007110011309376096
0.1767711081028489,0.6165529080436055,0.4256950928857677
0.8813452675294412,0.5585711844948117,0.1424303396245214
0.3764150974999148,0.2436727054992217,0.8412014307366074
0.1611906803267706,0.5445376013697155,0.6817094362565086
0.77463952895348,0.6742251861051934,0.3075438943634901
0.7615455047347713,0.8669180599332148,0.5401866529146476
0.6371019347310786,0.1463791161995739,0.5126229243982408
0.09615940057024012,0.02171617652368567,0.1470063873653416
0.5214047622110203,0.7572287750769211,0.6316757173450083
0.02896812984572588,0.8448627627570808,0.4387235293832146
0.8102448428008265,0.02810859936502734,0.6001084112997903
0.3357191125124732,0.3296044254033408,0.01364535283678696
0.8491115846197302,0.3789797506677685,0.9077437249789467
0.6524693373740512,0.00560208416680612,0.03791933358553638
0.4643128712264887,0.6459499835036505,0.5744972968286119
0.6436786302815024,0.5679825180319148,0.8101104696911394
0.3891556375128111,0.7053150664765009,0.5102972833413508
0.2881414699617129,0.2141323982271706,0.2625945362269365
0.8247574638708036,0.7050970204685072,0.2497329900917279
0.4381413675314988,0.7626570577464679,0.01228330895925283
0.648483647588965,0.2302244291070384,0.9659210571641481
0.2664430061799585,0.9602317628940644,0.7833348031476172
0.02053999704641778,0.1689707072700855,0.1415342069088578
0.05649231719598884,0.8273415024372992,0.9490947643112924
0.3894077265826701,0.2921299507333239,0.06447202425982505
0.6808138166866091,0.8190892714862027,0.007093621214548751
0.1335940091702802,0.9660363683998466,0.8551808809177289
0.7427344917903008,0.9898995526924236,0.9942121077103666
0.7657107346629712,0.6841132670194173,0.6055224848133858
0.8763006145347247,0.06440759464590233,0.3950073748941617
0.3463034535708013,0.5433265649161317,0.4896515664493783
0.5977348188211848,0.4171706816139543,0.2224688423593145
0.4913756751884636,0.1691676425197502,0.1073660906102974
0.1721020087446156,0.1567734036776622,0.1294916723196014
0.4157234611730349,0.6493867301304502,0.3982501094479006
0.348737385950779,0.3992933809558838,0.1310395893367711
0.1092864477132441,0.6914330725177001,0.5135088787375011
0.7568230980644113,0.08374004556911878,0.2714274728983712
0.1246338265842552,0.8714580811126076,0.657217867856477
0.8531735337608112,0.8861865138060293,0.1338223940838609
0.1002398104387025,0.5773216098857772,0.09936105619034834
0.03506210793948732,0.005970776171485714,0.8204740757109069
0.7246258005868813,0.5021993437093721,0.592151915149177
0.9862662396624217,0.6511132152403168,0.08647301236249764
0.04108948270957639,0.9070583431480432,0.4582848947905032
0.2419586623468361,0.9256980067269865,0.5637584640752488
0.9699235759898746,0.4204079699813215,0.07978843354935143
0.5111007322156564,0.6480497594051597,0.2747223897376159
0.7059584583882886,0.351903418703675,0.7185155412814244
0.9366613720138519,0.2610324703035138,0.3417407482078438
0.09360855333006583,0.2915837352807967,0.5290972036518403
0.1344370565751233,0.9377488749209842,0.1737192642455518
0.1579086276459256,0.2477115273138317,0.5302677311555163
0.5939165433822714,0.6494445571559986,0.5773658287407526
0.6649056644921527,0.1987826412914563,0.2510589645742284
0.7932144706680552,0.6870046615783298,0.3713818748195467
0.5206447747711108,0.340805216423193,0.3170529645934262
0.6895821329677512,0.2135810839068891,0.2840877935094946
0.2407063715487093,0.509534204711998,0.6385096528437079
0.8869889270433828,0.689855788505941,0.0002945529919677225
0.05904538507438022,0.8644860893943105,0.5373578912437688
0.3150753062007518,0.8991083055282119,0.5261155962488621
0.586642984834878,0.5102671696812124,0.2475324704761862
0.7400357459592972,0.2042433619524819,0.4843108776031149
0.5970330494717645,0.2780738435255583,0.4871732105619649
0.3329195711907685,0.6364351569547766,0.9172389162861154
0.4503013650359438,0.7057182984804277,0.9814489099288164
0.7720318723768558,0.9685904729419045,0.9065843325505651
0.09976075843074665,0.2353635254120549,0.7220142045177399
0.4556228177929315,0.5439858594166743,0.4138616887731526
0.0538205151956173,0.8575960454743806,0.9067715149547207
0.04611359700503363,0.3413435715540282,0.998687021613222
0.3504628650089497,0.7674887043610659,0.9139179949260636
0.07126049668770089,0.6633307346868438,0.2057227904101147
0.1635690550304292,0.5091916138443665,0.09608249996102496
0.9616728267881199,0.6379470623609579,0.1341094238657795
0.1336161154316763,0.03960579329940343,0.8312686256910644
0.7665861753961327,0.1105003136507401,0.8996516595036763
0.9911601915633046,0.7634517372186452,0.1295786811839421
0.3061736714416671,0.08525858865241735,0.5414852520719301
0.839522894448074,0.6771489335847271,0.02159830920675303
0.9632844074169092,0.1213091515458739,0.2949042693053688
0.09780346240720687,0.7750821404253959,0.4398411578291605
0.9880327471648281,0.2914898248722789,0.2066931851622706
0.9461799690967247,0.6964214993554888,0.4630897459162853
0.08948868696032712,0.7529366863791443,0.5429378518477884
0.1630173530580546,0.6313505428041019,0.1235155265189723
0.432024441033512,0.6646949891305933,0.4889229099457453
0.1559589821286125,0.3455712332683588,0.6460627703453375
0.6590669287405763,0.5640850657533025,0.5892405342308029
0.1031464944284971,0.7190823512397826,0.5820624440160117
0.2374553363194664,0.3301064714368401,0.8342101947475464
0.9008464516277093,0.6715377003045725,0.1828339492357438
0.3498140604390383,0.8402415024624417,0.8763162608144539
0.718546978589518,0.1990890787184644,0.8323771957999501
0.322557834224632,0.4981934535043412,0.06150564503726545
0.01985991494824118,0.4883350726204647,0.1030143844294386
0.7801852835767457,0.8134192081411786,0.3597360287835463
0.6474496376948013,0.1233955019314736,0.7332835751496352
0.339419581522109,0.2556391613965484,0.0565496401028988
0.2153646819293939,0.4441024721195888,0.2840613012968236
0.278302255841675,0.2781639136615965,0.740199540037096
0.8468826615587033,0.6101944401292051,0.2542465164676599
0.04290534074693379,0.5408917407349852,0.9952239361173743
0.543385982443181,0.06193608492415163,0.8188374669517781
0.3993651616539174,0.2005419664471053,0.3746587326343637
0.2900528173314651,0.9275752014930926,0.7672667647765863
0.4874078832371574,0.4986431479414646,0.2414935054460965
0.03011274207863506,0.1102875760333784,0.2979207547811786
0.4404361679786092,0.3085417544414166,0.6893708801837396
0.4233961449403008,0.2385999819825541,0.5633565941525651
0.4076449796792853,0.7312391710273791,0.01447659386985016
0.8539294969936545,0.9644451492459607,0.5017022986647852
0.1448629711573368,0.7011373879539303,0.001727054791507077
0.1639203896394488,0.8980731666992358,0.2120876650433626
0.6295928725917024,0.07656080207962261,0.04635301142845043
0.4054608793379919,0.8108537942751488,0.5019089263915516
0.8297002501652718,0.8715077970182949,0.3905447782827211
0.3400647819589621,0.5082831263541522,0.5085528141979203
0.7824780642783458,0.03612926301158163,0.4021036681190077
0.9820299457125757,0.6784952392582797,0.6016231715955049
0.9079534358197561,0.4287748378747177,0.6384943679947537
0.9580958221760654,0.5454305059381472,0.2079772686892946
0.9949269166459669,0.1556691044428344,0.528696468581123
0.7236445256350242,0.6244645835017157,0.4858012432017314
0.2994287502011344,0.8504414986608697,0.8459489308978526
0.7113997135833096,0.7428939821443558,0.2880669282233757
0.5038392685165817,0.1803476052628308,0.33251996127077
0.3280713227311005,0.3527079317142944,0.0174020422566739
0.4760540999069869,0.3600387459335585,0.5172754020372681
0.3871155402275776,0.9615806022025927,0.8647052870066019
0.9232428600368231,0.7144436398100101,0.7584129836128347
0.5771288757794676,0.626837541613159,0.3875820496507449
0.483256755280926,0.3340078954748026,0.7463694362497505
0.9645148497106715,0.3038431823481643,0.5733273372887722
0.6511176221392554,0.6666430668100159,0.9812822883192411
0.1905461979132437,0.7894739713394068,0.3151743352165664
0.2719109940210641,0.6754770027986717,0.3057456009420085
0.1160203150925164,0.586894312185492,0.4444643031055601
0.7091426213904622,0.09917917614227538,0.1148563097266794
0.7360501288521059,0.8910694263143164,0.4606497496664189
0.4488577717612527,0.3870145801374564,0.01512342111067426
0.5929086607446654,0.2828647029056858,0.1261756915808819
0.8441355795595469,0.8357955686736878,0.8147139657460665
0.8171761975761193,0.7022222050482952,0.398581044353388
0.978409236645328,0.7000486028217936,0.05256819013863716
0.08687927629993546,0.7644819075344372,0.2123024386959713
0.3931060517957481,0.7660781561512514,0.6777703686450914
0.08310496876984856,0.1796239889365484,0.4645038723304541
0.1137646503254705,0.07372112828682835,0.1619133675597084
0.2314816611950154,0.05513526587854471,0.5163369079232573
0.4274002225227411,0.9816377608243598,0.2002909295118008
0.02041235730892737,0.7781628319388444,0.3760407151298319
0.03549883983783712,0.9396291192358155,0.8600085573466687
0.3754535275853775,0.1544512749811763,0.1846474550162105
0.5311011230597954,0.6176994294636764,0.5008445993776145
0.5137806617741478,0.9007532442322845,0.08125961583347589
0.1283096265348008,0.9964218887943892,0.1253818525510875
0.1745532852033645,0.8576292608737477,0.7710668041821406
0.7645352737668965,0.8756237629465369,0.9708455734950233
0.04035907800431508,0.08437133940021106,0.5483585139952293
0.7081689703961841,0.02213778761971867,0.2431985209004388
0.0425119168437235,0.9577033235486876,0.221288937815346
0.06063157256443634,0.2982010546455344,0.8847722167043852
0.02367579984878403,0.363087587576189,0.3448897984352391
0.7407789300247561,0.4017903110318394,0.8814850622231494
0.9727520936653991,0.741692408535321,0.4057144477823312
0.349567565829944,0.7192551995505926,0.1702034582325797
0.9597748653695889,0.7361207299260087,0.3999830878697112
0.8759254994100341,0.6833602231008203,0.6386435389028867
0.1974582175065158,0.430716414291905,0.3855278628255696
0.2026974564981999,0.1497157348160854,0.4274689922181482
0.2440477993138401,0.6298712394593535,0.238989319639947
0.07869679374382126,0.7312992428471795,0.1819692379363178
0.1222187414217537,0.6541030576855845,0.682190591042986
0.8954358601307328,0.6936301742729722,0.6045761544776272
0.4204429416389355,0.5602670604592518,0.8339966258189152
0.8971464335194465,0.5232126647830798,0.1863185391335199
0.8570805934843296,0.2074206810521212,0.1114419881338474
0.4397840115910335,0.2384592076005029,0.228381397501932
0.1666905465313075,0.9581746535462301,0.8095920332225003
0.689968099646402,0.9487016949993858,0.4498299784977124
0.8471976976933556,0.1238998053875651,0.4891822913032063
0.8850348272427205,0.801741755915925,0.2163608104350683
0.4440123226391492,0.3658061052212067,0.9313884320948878
0.4367278300941408,0.3271071224593236,0.5358329994908817
0.06303823760488163,0.7709705659691324,0.01604679981100781
0.3260033177605902,0.4330247490980252,0.7530388812497546
0.2541320859563278,0.02792081407003571,0.5918140043343519
0.5733665783557141,0.993061658924116,0.8033661165562749
0.09327263290756886,0.9430011855986312,0.6634953131273362
0.5604843928285761,0.3157044149311827,0.7329183016475571
0.423224045079067,0.04397742014483534,0.684971841753633
0.609835620192228,0.2438802905024192,0.02404546552363656
0.6622911462057246,0.4832596474607005,0.6163780063756613
0.471956789265627,0.7838191698064737,0.9211977719151235
0.9735975600703546,0.09747873014404744,0.4513888053878358
0.3329540549758208,0.09076937060349292,0.7190186288430193
0.7631694748597746,0.907063199406128,0.04521533375781155
0.371553278751895,0.4831417725685205,0.5479488089816867
0.1469715198704043,0.2610359874273533,0.3145599263104022
0.3870802723260127,0.6654952847329454,0.1830693091336397
0.5117053567299,0.562363251318954,0.2762903291208452
0.3530483146146744,0.05335058592258561,0.5909575334512303
0.5948475509548087,0.8815244021408419,0.4680380011242626
0.3383584904238724,0.3959991311206979,0.8509197514946611
0.8471484075055471,0.5330586803924654,0.4259671544064831
0.6569411342743532,0.13531621202288,0.06250098504938521
0.3571555120356549,0.4693116022208613,0.9145609296872759
0.3930744008987466,0.3197439787808457,0.01214650138052003
0.03294207957201516,0.9512185594418233,0.7024056088905379
0.5492723729169158,0.3630366208545489,0.7322568632680967
0.4936782542476423,0.5525865395094792,0.6857695113339902
0.9345556270055915,0.3385867956201543,0.3854725489492679
0.441334780709617,0.13905255319079,0.1953013106101822
0.717130998799492,0.7718044196638103,0.4299690973762429
0.6008299047575331,0.03715433146051876,0.2603608807106765
0.7168242302202513,0.09149751906002961,0.3034594929633402
0.8025961541022948,0.5613089576240496,0.608228073813103
0.2330740691514245,0.6542626207177122,0.08412386542582777
0.3925214151483893,0.4122271242029656,0.7445676493527514
0.08088000280946077,0.7653444334147994,0.3621211538113592
0.4909758306475978,0.6052506890063235,0.7380842021384201
0.6514848626733207,0.5768556685300844,0.04055014904522052
0.8891006200565462,0.9124807831972179,0.03836745854243821
0.06092935050868735,0.7820837516386228,0.5781547049568436
0.9926569028568284,0.0928258909778215,0.767254214354257
0.1389989557554877,0.01370972995118407,0.5283072551088246
0.5226467460952936,0.302335308409096,0.5426034565116514
0.9524994108964552,0.1597795378910939,0.1296674519209879
0.6843607580760911,0.5879870761717947,0.2279381945964754
0.2459267725246388,0.8956766680535814,0.2764895801100047
0.9262563207826543,0.3712678025202367,0.9810292511754256
0.6327113623788304,0.1834629100151349,0.3665135552241175
0.02785671102399427,0.2805587264780616,0.3778164345363972
0.2331990170104696,0.7588711135283753,0.6136573743517549
0.008280817314542045,0.2380057303729445,0.9054122768356859
0.005194957776338427,0.942651768412219,0.589853056878172
0.04806543047106508,0.7020619568096786,0.4292224929453684
0.2555229861143198,0.6420069542486926,0.6072129385279854
0.8242966144015087,0.6813634026727872,0.03569315084846895
0.8947702614537771,0.1413450782168722,0.8465929508827982
0.7801276990018657,0.9084412031605583,0.3571281558226373
0.648959143477833,0.1699815342341818,0.1451605141118732
0.5845446622966961,0.4195762912079707,0.982531636657594
0.911826973783288,0.6100125463825616,0.4223850674566219
0.1037223111961019,0.7871373216513876,0.2809097198313799
0.90545468546478,0.5593289633896362,0.1329040363362538
0.7235509397051968,0.7316518266320008,0.4920448389977083
0.6938430171805542,0.4917584075637564,0.5392881767498718
0.8000645121971363,0.7049332252611246,0.7069042770037325
0.3590539193515452,0.9578881491839006,0.2314949450229961
0.4219143743157202,0.6264634902320266,0.4061017567799228
0.2390310502911474,0.6057239629782856,0.6465423115223776
0.4671482799583919,0.3779116663130658,0.9398391641033177
0.7335770253449381,0.4792852202226751,0.4431480759823435
0.4156465553210497,0.6411258099937936,0.8550461429782155
0.960149247261866,0.4458726774984675,0.07983099515869356
0.01915239854931143,0.7204622703533498,0.1536805948693525
0.9935818691978601,0.9474767609132473,0.5905978356650031
0.7111934130202838,0.916662419189934,0.5705128177603317
0.8927829272572733,0.008845909867217384,0.0492671337645663
0.2428165885849423,0.2379944466585939,0.3056067737811446
0.1642959314192861,0.6423536822052944,0.1740046989169032
0.7234075304748188,0.9311535978931851,0.7642419346477135
0.1788163161773768,0.5612209249395559,0.3841447464014229
0.7115177305198597,0.6406421511781785,0.1110566234995286
0.1699988368929029,0.1040944879872915,0.6450125297658859
0.7986203081217237,0.1551970757450672,0.1368268657254617
0.8701049033766513,0.1850946587640306,0.1738373785476415
0.4321719660920449,0.225108240431193,0.7124588228124119
0.1307436357259672,0.8893038681423738,0.5247483046909858
0.7539009741766144,0.05271168027522403,0.231906802888527
0.687072987178912,0.07691248874401728,0.4032380434800043
0.4785468197967311,0.9557125134863664,0.8428047161186814
0.7320245649824035,0.6198190988520628,0.5331423889681438
0.797580708227097,0.3882517927015188,0.5957807087722141
0.04020981034803432,0.6405885117203222,0.7208423029004773
0.7781122807131694,0.2242359906715291,0.8580929001844994
0.4991801734160411,0.02105940530794519,0.1046751416964809
0.5000943605277336,0.4767856166957791,0.3502961884024704
0.5379502146026598,0.2903121629698036,0.0860603638664718
0.9676768899245843,0.2327255027802428,0.4422177447281465
0.3741703935212531,0.8463565774684406,0.4246979410615006
0.1920481397437444,0.6892285378386527,0.482267081846305
0.6217342405314709,0.8453811537277639,0.02222067566770507
0.5389767474284261,0.1875541853224797,0.6038295617776331
0.803529477999556,0.5385327979465698,0.2168932382455841
0.2447351678996337,0.4420235613382558,0.1303577314810274
0.3480633438559808,0.4902454412371001,0.9766159666418543
0.4029287655106799,0.02498064598934373,0.3039587851315451
0.111839067840531,0.1210373486502893,0.6724534708591984
0.2844559388440218,0.4046686936694062,0.188218918205371
0.2806038845580743,0.4025873564222146,0.1012721513951405
0.02044863507259969,0.7278571333911804,0.3737873395943271
0.8456392913930766,0.1608877819978407,0.2888700009200607
0.7958785569759643,0.7713058307708017,0.1869987048091208
0.636985914846409,0.2301745280998926,0.3274752834782061
0.1702081113729388,0.7832950624574536,0.1385826160341928
0.1853299968691189,0.5681559594340336,0.02915788679776592
0.930777366339382,0.8613703574473909,0.9040356890570131
0.2428723485999717,0.744981266126435,0.5753817405286279
0.5302610060346489,0.9922840421492304,0.55457316905538
0.2741783108043698,0.6600008053609994,0.7117717004443921
0.9071815581750142,0.678251369403064,0.03638044644635478
0.2159674831925931,0.2848513939874023,0.4013969499651501
0.2682350216579928,0.414516801438437,0.9297226071412715
0.6672477040291336,0.1666556351141766,0.009568583332216708
0.2741686058581669,0.09587647854196484,0.6838595370518871
0.5751514621097661,0.9261297081400526,0.8202274286586509
0.570882165808295,0.9527889178905535,0.6325396505806945
0.001420966381454547,0.1310929327890487,0.7313991633355638
0.7118548676684912,0.4471593500574775,0.1907112685661469
0.4849504931417912,0.861240773337362,0.728198125951063
0.7621905254123638,0.7788130837514822,0.1065187885689876
0.6534033450505794,0.2310570087155165,0.4916225683570966
0.9069572533058747,0.00418724096281613,0.4540256788135463
0.09582168585730215,0.44306753354039,0.5800640042684155
0.4498790641705181,0.6310408999943055,0.7113409160436732
0.3928325049154553,0.3768826581097711,0.8626756582797166
0.7103346719833433,0.6398752709270354,0.2717624707937149
0.4981014931699109,0.8361537496112665,0.5486170734400082
0.8935131749285367,0.2625544089364999,0.1766976285452214
0.1171791710884902,0.3822612331762372,0.4266177141905742
0.5024900528869535,0.3285511480433789,0.5136106455045962
0.03634257227290498,0.3342965973200393,0.2084811757731643
0.1960950917062084,0.3852289023652158,0.5256207905036258
0.7979405026389651,0.8780106078890187,0.1021923928663289
0.4448761191353414,0.1883770287025013,0.8372681074384203
0.464662306279437,0.7918002338265754,0.9303523653818728
0.8622096105125595,0.7266367564174253,0.5335149392955578
0.408405477909566,0.202412445605004,0.4034848345194091
0.815792372652077,0.1055394180593598,0.669249201830694
0.8337010174071001,0.06476973728279815,0.3060267273344635
0.4213749609345246,0.5945060384722954,0.2198757380142135
0.6703544645035652,0.8380072308251865,0.02047813419393156
0.9836142472113145,0.8822424814395304,0.7661496880147526
0.09069213759630761,0.5762249257279447,0.5529715164765426
0.3858712155768498,0.6639197239046789,0.0627397359285478
0.624637859135498,0.485128611004489,0.9455333476666248
0.8210325589826732,0.9723165118167358,0.6103104414181465
0.4305798858372589,0.9861484589949995,0.5836741283614342
0.01181525699412449,0.07262647698136164,0.650927706738077
0.9434856733592779,0.5518995861247109,0.9571303720248509
0.3700837978167562,0.1344242185598035,0.3393369247029952
0.3054173979959802,0.4614074651954744,0.4695611874667553
0.9267742674246885,0.3062957655879922,0.3271116763463151
0.6510014126288904,0.5322700716781945,0.9759197467187012
0.05480966700561322,0.4659213333988159,0.1988665423894624
0.7799218404678472,0.9659019712778085,0.5730777354192865
0.299294598148288,0.3409294793202827,0.3807984596673141
0.7827693037955383,0.3425336202746627,0.7805996589690747
0.05819501218686711,0.1907633011891582,0.06837360604832514
0.358883939689035,0.9069841108655272,0.1762053431010616
0.6187028833557436,0.7493849599706723,0.5629354237701438
0.9302300989490327,0.7037607191386182,0.02475254417996602
0.4308143188819526,0.4113072655386915,0.3081767663307687
0.4960285668760878,0.5764338207369702,0.1634789668617517
0.5072841639111451,0.150140904664461,0.7668830005020691
0.5840727693219399,0.3600028926479819,0.06382635970142118
0.4826345987555469,0.142514623226429,0.2372109015506488
0.05372987646482789,0.7703665694689781,0.7551316002607481
0.2063489011774477,0.3848127422023317,0.3293657940070607
0.759074117028692,0.4367168901889529,0.3118241950049609
0.900388415940203,0.247487884908657,0.6090683238810249
0.2585202570365234,0.9369184658725339,0.6981709637799378
0.2409839098962985,0.3562290098710034,0.8916400267252939
0.9445404808688594,0.7154701509988293,0.7208468638001816
0.7730667050861556,0.1506225455707667,0.6429185123430406
0.07530515008591658,0.5186383456997499,0.8227683746872777
0.4046645556008588,0.7244593684446309,0.953243062105107
0.8948594339661738,0.7199390771440486,0.5487883397979407
0.7121244021180029,0.1810262828101345,0.4229110233289802
0.6195152230560961,0.4521328493523013,0.5012241136180106
0.5087832200950729,0.2949659015540391,0.2477605720759966
0.4798066182639402,0.2451592715466017,0.3130808048192525
0.9360402921801485,0.5579461630815139,0.1983222667208897
0.8989690560270196,0.04592939871038153,0.718751080230557
0.1236825037101273,0.5407037875678288,0.4029168255916383
0.05628195092658454,0.4577177516733715,0.2176570151169616
0.4397593676456685,0.4340531259158816,0.3606114255016141
0.7745989053544865,0.3348149807675759,0.08678560599918965
0.6626249557905015,0.6766377360490784,0.9732822587753527
0.7223553746760327,0.297388571027633,0.5355588915511691
0.289245919154444,0.8224266117345205,0.9713000153102249
0.4376574239921493,0.7524529180760992,0.5943297704525868
0.6971706950469547,0.6101781657732983,0.5020561717526419
0.899150161192053,0.4404080359679913,0.2349862097313544
0.5910093658892064,0.5701049742860477,0.3376369135546985
0.4598441398833024,0.07883566004414326,0.1696769152375425
0.05963567583904798,0.2199211039856425,0.4596448584437858
0.1909326931328578,0.8619017223755341,0.7024223916728619
0.8689302576452541,0.229117265414086,0.7469154971855066
0.1217185832955144,0.6684266782590174,0.5169125870883514
0.1388791826915053,0.6794107182679338,0.7362638613299922
0.2605848775370593,0.2622981751701649,0.9432913469353128
0.04858221585848492,0.08251463372350913,0.6825923214411884
0.5447163304280185,0.3970055814350266,0.8495684577165109
0.2187192233125703,0.7943068042463712,0.1636359895830291
0.3339562758674411,0.8955869171734751,0.5565772729387403
0.5480922820726479,0.5702626527762036,0.2583621366618937
0.4998560659230064,0.6092867699529915,0.162177990002733
0.7066380806170108,0.1069914376131118,0.1326593230859948
0.08374434112537292,0.9719550019742008,0.1398029634866018
0.8208037398847017,0.2075466298586792,0.6501594480611792
0.1272637751177941,0.811627315666834,0.2396740146612048
0.8662750440189723,0.8995007833657179,0.3024566053769005
0.4697448084631977,0.04466131371755692,0.5563732717066371
0.3991819908731158,0.4667116814749029,0.7931495136007959
0.2825098995563816,0.5902918053934954,0.4779315990624467
0.1508888427835317,0.4616790407791522,0.7299158981741789
0.2702532689383831,0.8093775988862653,0.3979700825756976
0.1294706163964149,0.377100578508023,0.1934741338270554
0.6877749310430522,0.7211769052109929,0.7209019683371999
0.2985316577324716,0.6468694646078529,0.2950919029393863
0.368468286350317,0.7807351422686436,0.7500996240905088
0.03509429183998362,0.6249966681844906,0.25572980905031
0.6704634722181808,0.08459851224506924,0.3540964380672785
0.8119997438209267,0.2716482526491692,0.05001619398219552
0.3259764768342443,0.7812224858693381,0.5717628030515088
0.4261914636320229,0.7649882183085017,0.2512505388351148
0.2457832701281195,0.07850173576743517,0.1247400011052612
0.9066134554512052,0.3384217915187661,0.7170121530532308
0.7788304346378713,0.9622019050638871,0.17699478172612
0.7986103175267286,0.6235848991461858,0.6007111260854767
0.2755069997832815,0.8925737609884188,0.9816301540241219
0.7805372828262649,0.5158927685500118,0.2018818450256026
0.6172366819224183,0.2215262261486832,0.2673189382618893
0.1689979418428375,0.3229066247556089,0.5217017609964557
0.3047492646441073,0.5616662393853848,0.6708764350744797
0.2433321687554491,0.8753102991993291,0.5854067825767124
0.7091067174931548,0.1554175663379804,0.410496070964884
0.3234665403400194,0.5534746395662883,0.02868232584716817
0.1907996909188864,0.8876473143871224,0.3767559426072595
0.6265475452356026,0.8939986454912999,0.3417419511728362
0.4451462521539941,0.7756193268155122,0.3022065120776282
0.9933712514398709,0.02938921479215466,0.2442577057158009
0.06158228321833008,0.3199405504009689,0.3155789941399452
0.9478890006969782,0.1534948929839203,0.03070349933214416
0.04907209521379934,0.9390363978906671,0.3073655856665149
0.2652832431879893,0.1908041913260317,0.7149541623763719
0.7320446148170545,0.5707238006756878,0.5365602935619688
0.3359826405888648,0.2601869573590684,0.3007732998336136
0.2651765704581743,0.05288255925755329,0.6040759768721463
0.6802100010140608,0.6540246372620925,0.1235760735507045
0.3505823600784205,0.5696297241064167,0.7862438446624277
0.6961956533199513,0.4897194892404128,0.3945466230517993
0.758110268128486,0.6121690037741327,0.451568024077713
0.4445781433583492,0.6698581218164853,0.5239383788101935
0.7000376850575144,0.149948961615259,0.9281953923461742
0.3409624482237527,0.8307721399110836,0.5423167918412432
0.9116852855924755,0.9645857736375453,0.5272798532524432
0.7871784844626019,0.2395598807515312,0.319646683912864
0.3142861575542908,0.3168283394842905,0.9378054140734184
0.07339245071546667,0.9341436720734227,0.9803208612788771
0.335630204714904,0.8205380564408711,0.5417519635692394
0.7645114186111122,0.3118685934842337,0.1541756966288308
0.3776140350736047,0.08621828690525372,0.713421453070773
0.4202012605632731,0.2441005883104876,0.4851629871849095
0.9609556630663739,0.137099581032117,0.1779377327977049
0.5223723112313494,0.4461109065173154,0.8073054977949999
0.4585930352250875,0.3354813818698874,0.3234963207277977
0.428015975045672,0.01634187167937611,0.5603469679893958
0.8765184152317859,0.6082206874093675,0.6933569237174698
0.08168393061567829,0.5027244384455963,0.3552417499931025
0.4078129506645208,0.3616780017758006,0.9334925065801308
0.1506153848677361,0.1023839023859747,0.1794012265761085
0.1787105209886357,0.05619349212684747,0.5151362440642212
0.771209897494742,0.4503791699093755,0.8388651002397467
0.7817734732059936,0.7632684482239053,0.09517334138687276
0.9209679935423316,0.9709684432724444,0.7604395557426722
0.5120641735928568,0.9301237905873134,0.449524071603364
0.6790069119807206,0.2758139527804727,0.302214086121978
0.6239208017642888,0.7109476287235152,0.1348373315962852
0.9942032290485143,0.6250088772158967,0.5539952449843983
0.06225740727073452,0.8206909079675601,0.3332025087626195
0.5539829661055221,0.3659810914208257,0.5097804281122515
0.355744967669617,0.7634511970653951,0.8718505017895805
0.7508440132212675,0.5148897169895987,0.05897260547755216
0.6747584338837125,0.2054982414718363,0.3956804428801839
0.2976799518849738,0.6026759257899592,0.5834979746346458
0.347253136865161,0.5551684955503317,0.6364162572292228
0.5798481125165984,0.08570959226897427,0.3254290210689377
0.06217591602062315,0.345817449576104,0.5540709797806391
0.4576221818805338,0.8013615477513377,0.9082792155877961
0.6489768076691834,0.9174087195279617,0.3683370286842392
0.6872770768514329,0.8820144866654731,0.1191128740406379
0.6478199725265029,0.02354146579446574,0.04603332590086211
0.9385165396176752,0.4332852280457908,0.3514694624873302
0.9524298511840084,0.8201042305158216,0.8507887613399081
0.02083895177323507,0.213987710007117,0.3540038162202118
0.8630128370312921,0.5439705700823736,0.3300865363769731
0.6064805400161372,0.9345268861797635,0.3028136865511054
0.5957692974449135,0.1895108634182838,0.3511430559637087
0.05195585394073714,0.4094706148604711,0.2602795397513443
0.2564420334717412,0.3331525565487026,0.8449302974713804
0.2433098935136748,0.2701525934462406,0.4373497988610742
0.729086394771722,0.4997377146147089,0.2411656770251797
0.586784047751147,0.08219024779478716,0.4685745550143413
0.6290429501814909,0.1611460427249823,0.9897218620753313
0.9579548497088843,0.2334442388890038,0.4831581132173055
0.2024916977585469,0.1544222321841764,0.736847959638924
0.7286017425985064,0.2694234079699689,0.3808930718467528
0.2869976289918493,0.093136253916752,0.5932712780727594
0.2541628714630874,0.6715063494570319,0.7257694905771197
0.8996533110666438,0.6316932743121197,0.5583216139449256
0.9545771488113999,0.9636366821558245,0.5468581750174938
0.4370540754244315,0.5634857596431225,0.4718309716123923
0.68812237792396,0.929904113856021,0.6325104328715802
0.2193545231116173,0.4774447354605539,0.793465285824739
0.2143059118135689,0.5077853001188325,0.2673493681254975
0.2811421326662568,0.9092930600411829,0.541811929124381
0.08929377128192122,0.959249350452966,0.02137334751998936
0.6689278457960257,0.7915101050461792,0.9603276765856075
0.3270652573224124,0.6669916536408843,0.4103999593411659
0.8118510769017615,0.4807559066986569,0.1755241803197281
0.7011101697611218,0.5795136288946591,0.4304691873055566
0.1452579075079459,0.7573463229662543,0.7503722277862663
0.2535190732399655,0.8487578436301636,0.3878998487924006
0.929524698170221,0.0161963269897583,0.8462141983239292
0.8670956387256662,0.6886923633875172,0.9374387105812345
0.8602897722133439,0.5894222764064232,0.932350517600337
0.9593178646611908,0.6703435531498618,0.6906764555166708
0.8752930324910971,0.4135552318908284,0.7191959155617557
0.3443047313984444,0.3439800558221884,0.8596820891862582
0.1855477524703092,0.6284968563391022,0.4968312227763484
0.1207489181823459,0.2718218188963038,0.1193871819674032
0.0194632852286583,0.2316198252644125,0.4522147546255729
0.3556984866634706,0.4759418140432342,0.9564521023128868
0.6991275110102967,0.0677980482977452,0.4049299009227816
0.4908380833364785,0.2180807487253458,0.3898261019899044
0.1693431980252576,0.3559423146027939,0.02643192194497395
0.8591644702489306,0.1834074835404595,0.478262533282362
0.8939489477010453,0.3391623104066632,0.7501468334137501
0.6810166629959162,0.7433095827900841,0.4926969850284336
0.8228872126050388,0.7152959791900912,0.865211470595831
0.4526553481602506,0.8150395539453613,0.8219124090302095
0.8717470955515509,0.9176150813258055,0.4584469114706201
0.1626098929288287,0.255337635086773,0.6173975477819437
0.8744084618003235,0.838821911579879,0.6679903368331958
0.9675889505748893,0.1228537983231487,0.2318415594847729
0.06592561914204768,0.7376010272085545,0.5207030407945293
0.675804346084852,0.7626312119759313,0.1269766501256345
0.2561315106609042,0.4543754433241877,0.890507653345342
0.23613952305379,0.518583361684997,0.7316010505696448
0.1858538047904428,0.40073042006517,0.4515284638938155
0.2722006374710572,0.03360912204862147,0.2292601631290777
0.1918577896768187,0.6668546021749081,0.8884496303910575
0.3442525989143215,0.5787424382951999,0.1340374187281639
0.6456797330969241,0.1883472988032051,0.6574088911394284
0.3962593518184822,0.8221018030202731,0.4194070874691643
0.07910561003760323,0.4926478943752791,0.457323529072391
0.4809272712373155,0.1702023881821728,0.3888483706920707
0.3426603475498929,0.4539280551244593,0.7626657280851212
0.4293581384478845,0.0653577565734637,0.2944518947193351
0.3897823836567718,0.3940644091357173,0.6615151503582054
0.1834668701154674,0.3005937017718571,0.1258930608469164
0.3531853798077982,0.4617647959603103,0.2220553847809365
0.4313667084685832,0.5412636477802781,0.1179488589681362
0.03266976899154354,0.4712193220047365,0.9758383518338876
0.639185753371568,0.3097575891363361,0.8817939161119227
0.8899984133083428,0.6356437249795411,0.3001148502957012
0.9165723932976049,0.5152924338103089,0.8359661345934162
0.3854336670945475,0.7257993245043783,0.9097135168175577
0.07418579137587471,0.5924927621625702,0.8954903587740956
0.6997131370917273,0.7673430958760717,0.9151492386712505
0.02513734810372219,0.1224043568751209,0.4744606857215382
0.3300019991261162,0.50448110139699,0.7343178673788585
